%YAML:1.0
image_width: 640
image_height: 480
camera_matrix: !!opencv-matrix
   rows: 3
   cols: 3
   dt: d
   data: [ 6.1870059470154604e+02, 0., 3.1950000000000000e+02, 0.,
       6.1870059470154604e+02, 2.3950000000000000e+02, 0., 0., 1. ]
distortion_coefficients: !!opencv-matrix
   rows: 1
   cols: 5
   dt: d
   data: [ 1.0369131855058353e-01, -1.7141343423670519e-01, 0., 0.,
       2.6938338284679585e-02 ]

